# Gridmap generated by GridMapGenerator
# height width:
30 30
# minCost maxCost
1 50
# starting position:
24 7
# goal position:
0 29
# Blocked cells list
[
]
# Map: 
28 22 30 31 26 23 28 21 28 26 8 20 44 27 8 15 25 19 9 7 1 1 1 20 34 25 22 2 1 1 
14 45 33 15 23 32 42 28 27 33 20 19 41 30 16 19 37 28 27 1 1 1 1 4 27 40 9 20 8 1 
19 24 24 4 1 38 22 22 21 44 14 12 22 42 29 28 42 42 15 1 1 1 1 1 16 28 36 24 6 1 
47 37 19 3 1 6 22 12 12 3 3 8 32 14 19 13 42 27 21 6 1 1 3 1 9 36 45 34 13 9 
47 42 29 4 1 5 9 7 2 1 1 1 14 20 18 21 25 13 1 12 9 12 3 1 19 35 32 34 13 3 
42 34 18 27 24 6 1 1 1 1 1 1 1 1 12 3 5 11 5 41 21 28 16 1 23 26 20 23 24 2 
19 38 32 27 13 1 1 1 1 1 1 1 1 1 2 1 4 1 8 26 42 26 15 17 11 4 14 15 3 7 
5 20 47 36 5 1 1 1 1 1 12 6 20 18 15 13 13 20 15 21 10 7 4 2 31 19 19 1 1 1 
16 17 11 14 9 1 8 8 1 6 9 31 32 24 14 1 25 28 26 16 17 1 6 3 21 45 22 1 1 5 
46 30 17 13 1 1 17 22 13 21 16 23 46 28 10 16 29 42 29 43 23 13 4 5 28 26 14 10 2 21 
49 24 10 1 1 11 39 28 19 30 23 33 9 18 11 1 20 27 31 15 26 17 1 5 15 19 15 24 33 39 
37 23 11 22 35 21 36 47 17 22 43 14 18 1 1 13 9 1 12 22 2 18 19 13 13 47 39 45 46 35 
20 22 19 47 27 19 23 17 25 23 17 8 1 28 23 17 1 1 1 1 16 30 27 19 28 29 50 46 22 32 
25 29 41 31 15 14 23 20 11 12 4 7 1 16 46 29 17 1 3 6 13 14 46 14 36 32 42 30 21 7 
18 44 20 26 8 1 16 40 41 42 9 7 6 26 28 34 18 24 22 10 16 31 22 30 33 49 30 10 1 8 
28 15 19 1 3 2 12 37 47 42 30 49 34 32 7 24 34 21 24 16 16 17 25 33 50 31 23 12 1 1 
25 28 15 15 11 1 13 26 35 29 21 33 49 25 6 8 26 46 20 8 5 4 20 31 27 21 15 7 7 1 
30 44 31 28 7 1 20 21 26 7 6 27 20 9 5 10 32 22 16 5 1 4 24 19 11 13 6 8 1 1 
15 25 50 26 13 1 9 18 17 2 16 25 27 23 33 3 17 8 2 4 1 15 1 8 3 1 4 1 1 1 
14 24 16 27 1 1 1 1 1 1 8 13 30 46 31 23 1 5 1 1 1 16 21 15 28 1 1 1 1 1 
27 37 23 9 9 1 2 1 1 1 2 6 27 32 24 26 33 9 1 1 1 19 23 40 24 5 1 1 1 1 
27 47 25 15 1 1 1 1 1 2 2 3 16 9 26 40 30 19 1 1 2 15 21 10 15 1 1 1 1 1 
22 24 23 9 1 1 1 1 1 1 1 1 1 1 20 16 11 22 5 1 27 23 7 9 1 1 1 1 1 1 
24 13 14 1 4 4 1 1 1 1 1 1 1 1 2 26 27 17 13 3 13 45 25 1 1 1 6 1 13 1 
6 14 6 17 25 17 3 1 1 20 14 1 1 1 2 17 46 30 7 1 11 22 24 1 1 1 5 23 17 24 
37 21 33 48 38 24 1 9 34 31 24 12 9 1 17 29 19 13 6 17 25 20 10 1 1 1 4 6 40 17 
34 42 14 34 49 26 17 1 33 46 39 26 6 5 6 18 1 1 16 41 33 29 13 16 24 1 5 9 14 3 
21 28 26 31 27 17 15 10 16 25 47 38 6 1 1 1 1 1 24 37 46 18 39 36 31 5 5 9 1 4 
9 23 29 11 22 17 5 1 17 30 29 36 12 1 1 1 1 3 11 23 15 18 43 49 36 12 1 1 1 1 
11 1 8 15 7 7 8 1 21 13 25 16 7 5 3 2 1 1 2 3 10 23 41 38 37 23 1 1 1 1 
